canvas 0 0 680 600
shape ell1 ellipse
motion ell1 0 340 290 20 20 0 0 0 10 340 290 20 20 255 0 0
shape box1 rectangle
motion box1 0 50 250 20 100 0 0 255 10 50 250 20 100 0 0 255
shape box2 rectangle
motion box2 0 650 250 20 100 255 128 0 10 650 250 20 100 255 128 0
shape box3 rectangle
motion box3 0 300 50 100 20 128 0 255 10 300 50 100 20 128 0 255
shape box4 rectangle
motion box4 0 300 550 100 20 200 0 0 10 300 550 100 20 200 0 0

motion ell1 10 340 290 20 20 255 0 0 20 340 290 20 20 0 0 0
motion box1 10 50 250 20 100 0 0 255 20 50 250 20 100 0 0 255
motion box2 10 650 250 20 100 255 128 0 20 650 250 20 100 255 128 0
motion box3 10 300 50 100 20 127 0 255 20 300 50 100 20 127 0 255
motion box4 10 300 550 100 20 200 0 0 20 300 550 100 20 200 0 0

motion ell1 20 340 290 20 20 0 0 0 30 340 290 20 20 255 0 0
motion box1 20 50 250 20 100 0 0 255 30 50 250 20 100 0 0 255
motion box2 20 650 250 20 100 255 128 0 30 650 250 20 100 255 128 0
motion box3 20 300 50 100 20 127 0 255 30 300 50 100 20 127 0 255
motion box4 20 300 550 100 20 200 0 0 30 300 550 100 20 200 0 0

motion ell1 30 340 290 20 20 255 0 0 40 340 290 20 20 0 0 0
motion box1 30 50 250 20 100 0 0 255 40 50 250 20 100 0 0 255
motion box2 30 650 250 20 100 255 128 0 40 650 250 20 100 255 128 0
motion box3 30 300 50 100 20 127 0 255 40 300 50 100 20 127 0 255
motion box4 30 300 550 100 20 200 0 0 40 300 550 100 20 200 0 0

motion ell1 40 340 290 20 20 0 0 0 50 340 290 20 20 0 255 0
motion box1 40 50 250 20 100 0 0 255 50 50 250 20 100 0 0 255
motion box2 40 650 250 20 100 255 128 0 50 650 250 20 100 255 128 0
motion box3 40 300 50 100 20 127 0 255 50 300 50 100 20 127 0 255
motion box4 40 300 550 100 20 200 0 0 50 300 550 100 20 200 0 0

motion ell1 50 340 290 20 20 0 255 0 70 630 420 20 20 0 255 0
motion box1 50 50 250 20 100 0 0 255 70 50 300 20 100 0 0 255
motion box2 50 650 250 20 100 255 128 0 70 650 380 20 100 255 128 0
motion box3 50 300 50 100 20 127 0 255 70 210 50 100 20 127 0 255
motion box4 50 300 550 100 20 200 0 0 70 520 550 100 20 200 0 0

motion ell1 70 630 420 20 20 255 128 0 80 480 530 20 20 255 128 0
motion box1 70 50 300 20 100 0 0 255 80 50 280 20 100 0 0 255
motion box2 70 650 380 20 100 255 128 0 80 650 300 20 100 255 128 0
motion box3 70 210 50 100 20 127 0 255 80 230 50 100 20 127 0 255
motion box4 70 520 550 100 20 200 0 0 80 400 550 100 20 200 0 0

motion ell1 80 480 530 20 20 255 0 0 100 70 240 20 20 255 0 0
motion box1 80 50 280 20 100 0 0 255 100 50 230 20 100 0 0 255
motion box2 80 650 300 20 100 255 128 0 100 650 300 20 100 255 128 0
motion box3 80 230 50 100 20 127 0 255 100 235 50 100 20 127 0 255
motion box4 80 400 550 100 20 200 0 0 100 320 550 100 20 200 0 0

motion ell1 100 70 240 20 20 0 0 255 110 200 70 20 20 0 0 255
motion box1 100 50 230 20 100 0 0 255 110 50 235 20 100 0 0 255
motion box2 100 650 300 20 100 255 128 0 110 650 330 20 100 255 128 0
motion box3 100 235 50 100 20 127 0 255 110 180 50 100 20 127 0 255
motion box4 100 320 550 100 20 200 0 0 110 360 550 100 20 200 0 0

motion ell1 110 200 70 20 20 127 0 255 125 630 400 20 20 127 0 255
motion box1 110 50 235 20 100 0 0 255 125 50 180 20 100 0 0 255
motion box2 110 650 330 20 100 255 128 0 125 650 380 20 100 255 128 0
motion box3 110 180 50 100 20 127 0 255 125 240 50 100 20 127 0 255
motion box4 110 360 550 100 20 200 0 0 125 480 550 100 20 200 0 0

motion ell1 125 630 400 20 20 255 128 0 130 570 530 20 20 255 128 0
motion box1 125 50 180 20 100 0 0 255 130 50 180 20 100 0 0 255
motion box2 125 650 380 20 100 255 128 0 130 650 380 20 100 255 128 0
motion box3 125 240 50 100 20 127 0 255 130 230 50 100 20 127 0 255
motion box4 125 480 550 100 20 200 0 0 130 520 550 100 20 200 0 0

motion ell1 130 570 530 20 20 200 0 0 142 460 70 20 20 200 0 0
motion box1 130 50 180 20 100 0 0 255 142 50 180 20 100 0 0 255
motion box2 130 650 380 20 100 255 128 0 142 650 330 20 100 255 128 0
motion box3 130 230 50 100 20 127 0 255 142 365 50 100 20 127 0 255
motion box4 130 520 550 100 20 200 0 0 142 520 550 100 20 200 0 0

motion ell1 142 460 70 20 20 127 0 255 150 680 100 20 20 127 0 255
motion box1 142 50 180 20 100 0 0 255 150 50 180 20 100 0 0 255
motion box2 142 650 300 20 100 255 128 0 150 650 150 20 100 255 128 0
motion box3 142 365 50 100 20 127 0 255 150 365 50 100 20 127 0 255
motion box4 142 520 550 100 20 200 0 0 150 520 550 100 20 200 0 0

motion ell1 150 680 100 20 20 0 0 0 155 680 100 20 20 0 0 0
motion box1 150 50 180 20 100 0 0 255 155 50 180 20 100 0 0 255
motion box2 150 650 150 20 100 0 0 0 155 650 150 20 100 0 0 0
motion box3 150 365 50 100 20 127 0 255 155 365 50 100 20 127 0 255
motion box4 150 520 550 100 20 200 0 0 155 520 550 100 20 200 0 0